4294967294,0
4294967278,517
4294967278,297
4294967278,551
4294967278,320
4294967278,323
4294967278,291
4294967279,346
4294967279,355
4294967279,314
4294967279,296
4294967279,385
4294967279,384
4294967279,388
4294967279,348
4294967279,363
4294967279,157
4294967294,5
92,7
92,0
4294967279,358
4294967278,305
4294967279,302
80,160
80,159
75,36
77,129
4294967279,299
80,87
4294967278,301
66,6
77,127
78,0
86,8
86,0
86,7
86,2
4294967279,254
85,0
4294967278,253
4294967279,253
4294967278,252
4294967279,250
77,126
4294967278,250
74,96
74,95
74,94
74,93
74,92
74,91
74,90
74,89
74,88
74,87
74,86
74,84
74,85
74,83
74,82
74,81
74,80
74,79
74,78
74,77
74,76
74,75
74,74
4294967279,246
4294967278,245
77,94
86,5
75,38
79,140
79,139
79,138
79,134
4294967278,240
4294967279,240
79,137
79,136
79,135
4294967278,238
4294967279,238
4294967278,299
4294967294,107
4294967278,232
4294967279,232
92,6
4294967278,230
92,5
92,4
4294967278,228
92,3
92,2
92,1
4294967278,227
4294967294,9
4294967279,228
4294967294,1379
4294967294,45
4294967294,1397
4294967294,44
4294967294,53
4294967294,1389
4294967294,52
4294967294,1181
4294967294,1390
4294967294,92
4294967294,91
4294967294,88
4294967294,87
4294967294,85
4294967294,1103
4294967294,11
4294967279,227
4294967278,225
4294967279,224
86,6
4294967279,223
4294967278,321
8,5
77,125
4294967278,218
77,124
4294967278,216
4294967278,214
80,158
4294967278,213
80,157
80,156
80,155
4294967278,558
86,4
44,5
44,4
77,123
4294967278,211
63,19
4294967278,544
4294967279,211
79,207
79,206
79,205
79,204
79,203
79,202
79,201
4294967279,357
4294967278,208
4294967278,205
4294967279,367
77,122
4294967278,203
4294967279,319
4294967278,556
4294967278,298
4294967278,200
4294967278,199
4294967279,354
4294967278,198
4294967278,554
4294967279,339
63,69
4294967278,322
4294967278,194
4294967278,193
4294967278,192
3,12
4294967279,315
83,20
83,19
4294967279,313
79,110
79,109
79,108
79,107
79,106
79,105
85,20
85,19
85,18
4294967278,575
4294967279,382
4294967278,537
63,33
63,38
82,22
4294967278,183
4294967279,374
82,31
82,21
82,5
82,30
4294967278,513
4294967278,512
4294967279,217
64,5
82,15
64,7
64,6
83,17
82,17
4294967279,352
82,18
82,6
4294967278,318
77,121
77,120
77,119
77,118
77,82
63,32
63,27
63,30
63,28
63,23
63,13
63,25
63,20
63,70
63,10
63,8
63,12
63,9
63,7
63,6
77,85
83,18
4294967278,172
4294967279,173
4294967278,171
4294967279,172
4294967278,170
4294967278,168
80,92
79,200
79,199
79,198
79,17
79,16
79,15
4294967278,315
6,2
4294967278,164
41,12
41,11
79,197
79,196
4294967279,164
4294967278,313
4294967278,161
80,154
80,153
80,152
80,151
80,150
80,68
80,67
80,66
80,65
80,64
78,15
78,7
77,86
79,132
4294967278,160
4294967279,373
4294967278,158
15,2
4294967279,347
4294967278,550
4294967279,362
30,2
4294967278,153
4294967278,562
3,11
55,7
79,123
79,122
65,4
63,4
63,21
77,81
15,7
4294967278,573
4294967279,345
45,2
16,5
16,4
4294967294,417
4294967294,471
15,6
15,5
15,4
79,124
79,129
63,5
18,7
18,6
18,5
18,10
18,0
18,4
4294967278,129
4294967278,128
4294967278,127
4294967278,124
4294967278,123
4294967278,122
4294967278,121
4294967278,120
4294967278,119
4294967278,118
4294967278,117
4294967278,116
4294967278,115
4294967278,114
4294967278,113
4294967278,112
4294967278,111
4294967278,110
4294967278,109
4294967278,108
4294967278,107
4294967278,106
4294967278,105
4294967278,104
4294967278,103
4294967278,102
4294967278,101
4294967278,100
4294967278,99
4294967278,98
4294967278,97
4294967278,96
4294967278,95
4294967278,94
4294967278,93
4294967278,92
4294967278,91
4294967278,90
4294967278,87
4294967278,86
4294967278,85
4294967278,84
4294967278,83
4294967278,82
4294967278,81
4294967278,78
4294967278,77
4294967278,76
4294967278,74
4294967278,73
4294967278,72
4294967278,71
4294967278,70
4294967278,69
4294967278,68
4294967278,65
4294967278,64
4294967278,63
4294967278,62
4294967278,61
4294967278,60
4294967278,59
4294967278,58
4294967278,57
4294967278,56
4294967278,55
4294967278,54
4294967278,53
4294967278,52
4294967278,51
4294967278,50
4294967278,49
4294967278,48
4294967278,47
4294967278,46
4294967278,45
4294967278,44
4294967278,43
4294967278,42
4294967278,41
4294967278,40
4294967278,39
4294967278,38
4294967278,37
4294967278,36
4294967278,35
4294967278,26
4294967278,24
4294967278,16
4294967278,11
4294967278,10
4294967278,9
4294967278,8
4294967279,130
4294967279,129
4294967279,128
4294967279,127
4294967279,126
4294967279,125
4294967279,124
4294967279,123
4294967279,122
4294967279,121
4294967279,120
4294967279,119
4294967279,118
4294967279,117
4294967279,116
4294967279,115
4294967279,114
4294967279,113
4294967279,112
4294967279,111
4294967279,23
4294967279,19
4294967279,11
39,7
4294967279,10
4294967279,9
39,6
4294967279,6
39,5
39,4
49,5
49,4
4294967294,1385
4,87
70,7
70,6
70,5
70,4
69,7
69,6
69,5
69,4
4294967294,1393
68,6
68,5
68,4
67,6
67,5
67,4
4294967294,477
35,7
35,6
35,5
35,4
34,7
34,6
34,5
34,4
4294967278,33
33,6
33,5
33,4
4294967294,474
32,13
32,12
32,10
32,9
32,8
32,6
32,5
4294967278,32
31,7
31,6
31,5
31,4
4294967294,1365
4294967294,1360
4294967294,473
4294967294,1022
30,7
30,5
30,4
51,7
51,6
51,5
51,4
50,7
50,6
50,5
50,4
4294967294,1384
4294967294,1381
48,6
48,5
48,4
47,8
47,6
4294967278,311
47,5
47,4
46,6
46,5
46,4
4294967294,1376
4294967294,1377
45,7
45,5
79,195
79,194
4294967279,140
47,7
4294967278,27
77,117
77,0
4294967278,138
4294967278,25
4294967279,278
45,6
47,10
47,9
4294967294,1378
45,4
4294967294,1380
4294967294,1382
4294967294,22
4294967294,17
4294967294,99
4294967294,76
4294967294,41
4294967294,43
4294967294,51
4294967294,475
4294967294,1102
4294967294,1355
4294967294,83
79,193
4294967279,135
4294967278,22
4294967279,22
4294967278,21
4294967279,21
4294967278,290
4294967279,20
4294967278,19
4294967278,18
78,1
78,16
4294967278,267
4294967278,265
82,29
82,28
4294967278,287
82,20
4294967279,267
4294967278,285
4294967279,263
4294967278,259
4294967279,262
4294967278,258
79,120
79,119
80,149
80,148
4294967278,306
4294967279,301
4,0
4294967278,303
4,7
15,9
4294967279,300
4294967278,302
4294967279,255
4294967278,300
4294967279,298
4294967278,254
4294967279,249
82,27
4294967278,246
82,19
4294967278,242
79,118
79,117
79,116
79,113
79,112
79,111
4294967294,1387
78,14
78,12
4294967278,233
4294967279,233
9,8
9,7
9,5
9,2
9,9
4294967278,226
4294967278,224
4294967278,220
4294967279,220
77,128
79,0
4294967279,216
79,114
79,115
58,4
82,14
82,13
75,33
4,5
78,13
32,4
77,116
4294967279,212
80,147
80,146
80,30
4294967278,209
79,192
4294967279,210
80,145
80,144
80,0
80,91
80,29
80,28
85,17
30,6
32,7
32,11
80,86
80,85
80,84
80,83
4294967279,375
85,16
85,1
85,15
85,2
85,6
85,5
4294967279,200
77,115
4294967278,195
77,114
4294967279,196
4294967278,191
77,113
77,112
4294967278,189
77,111
4294967278,188
4294967278,187
77,110
4294967278,186
77,109
4294967279,186
4294967278,184
4294967279,312
77,68
4294967278,181
77,43
77,41
4294967278,180
77,67
4294967278,177
4294967278,176
77,69
4294967278,175
77,70
80,77
80,75
80,74
80,73
80,72
80,71
80,70
6,6
82,9
4294967278,132
4294967278,131
4294967278,130
4294967278,126
4294967278,125
4294967278,34
4294967278,31
